53704
6332
18256
2094
65051
32329
21041
25592
56828
50369
20376
34551
37283
10709
4165
16257
6056
21771
14713
65011
59251
24333
50325
21329
14932
42114
25762
22490
38369
61052
25043
43469
19547
18348
64865
64467
60328
7360
46160
55876
34578
44223
11643
17461
35754
64322
27046
29688
22819
22266
720
8217
12736
35571
13709
9349
39185
11456
54086
53629
56355
26001
35318
42405
803
35879
36044
28675
44634
59987
13271
22618
35636
56794
44926
5764
58295
62210
12632
21994
57370
43686
42807
26627
4290
59099
16714
43350
48027
52213
55567
26294
50228
39112
65288
22044
16190
11283
163
28211
20814
48833
55612
52088
43865
44822
26654
32760
11955
63591
54568
25982
13094
18848
7512
63454
56855
19249
56154
42923
36306
65269
34191
11302
49757
45743
15869
61143
10693
31753
39053
29495
41733
58311
17458
29352
38042
18825
39733
34621
56572
43506
51472
37091
49022
6916
26838
17972
27180
21964
26686
34628
17655
38310
14778
23331
64103
35980
17745
62133
47688
1347
23753
29571
20865
26681
13908
42265
25581
55956
35137
16917
65468
16547
64805
42225
23018
31209
17619
46768
21213
42367
18069
29851
17892
54705
22959
32956
3957
2607
22893
4337
27205
35987
32576
10344
7004
25615
47820
29064
36574
50961
10163
51421
49992
33867
36991
46796
50365
56534
56190
48095
44809
18091
13633
40134
45124
56876
43905
21946
59617
50882
17938
15169
11686
31311
2441
9822
38371
44407
27393
38557
45384
24452
50743
4875
7794
20706
16675
1670
47828
7727
2712
498
36658
53457
5784
601
3796
52311
58116
49059
60432
37530
40134
29947
12342
9034
22516
15424
2098
32491
20543
21585
49172
38226
8442
15541
14058
11474
6384
56000
65418
58798
46341
8830
54034
46376
36998
27466
44179
8519
55958
31420
11090
16910
28729
56115
55328
29375
57751
39823
56137
36415
57954
38476
8427
12524
24571
46350
64151
28752
55173
54604
62391
45776
41295
24898
54328
15910
2494
59342
3846
59544
63718
60680
2489
19781
3251
26083
36200
30023
52565
18871
7979
5302
41852
63308
9975
2311
33615
54763
28140
32171
39213
16594
12199
2118
25907
61926
26017
49181
33762
29249
5481
8227
17348
41551
54259
49416
11645
57863
50783
17613
54248
23118
42230
18448
55430
7555
29850
47821
48240
25671
12105
35484
15048
55150
41493
14445
56876
18111
43090
31427
53928
10243
15602
57517
40931
61725
52773
152
12106
42180
55592
54649
61166
29269
11772
50337
57091
61431
49704
25354
13442
31166
44879
31388
64184
33362
46116
21177
46845
59533
13554
43980
45070
39774
35330
51099
48557
18626
14021
55416
49059
30597
4647
9129
21743
5247
12255
26719
40881
9453
35232
55398
49056
22295
40510
18994
54982
37486
62042
45614
31286
22339
6756
21110
11640
48740
38502
8608
13058
43096
48756
25162
35150
15651
36738
17119
17002
13935
44459
7926
40492
43328
5995
59023
64807
40897
3661
35658
10000
61961
47772
44233
45510
29636
12641
9247
486
59093
17549
22132
16906
48837
62677
14742
23994
53248
24984
52662
4062
40697
42478
7898
9628
24779
32781
2674
25852
32341
51974
29313
62962
53100
28450
58365
37760
62121
17682
12757
13589
27390
38853
5507
52478
13242
10861
33188
23402
39214
28798
14033
5332
36200
38353
5976
4702
49094
64234
12136
49626
12829
26012
62843
38126
16507
44665
46619
47781
22526
37036
48872
42923
22429
12657
50080
63213
39348
18294
15433
37213
24722
42611
31438
55272
10686
37176
53160
47280
48430
8694
60777
39067
34191
30282
31286
61083
24415
4213
20681
28271
64521
4613
51327
63590
48834
62279
43447
61835
35077
6081
29116
40824
54784
57185
45880
3029
15859
28630
46849
26710
40478
38518
51264
64641
44499
37545
38742
5512
24613
59441
58486
62875
39177
12594
48675
17984
8113
18056
25726
30715
25550
35719
43369
54257
21346
7506
2683
55677
47166
36680
58792
3402
6714
35509
61373
20607
4934
30988
25983
36908
8028
35592
30919
30452
57850
15650
60250
20378
26563
34874
5417
30358
17158
27979
13245
17850
22490
33262
37075
63221
30287
43571
3844
28003
22795
45250
227
30086
33529
61657
57760
57806
43454
40074
57866
59100
41556
15668
4657
28266
3147
6755
54040
24502
35961
3247
50431
27624
15328
36080
29248
2958
55705
17497
58544
33533
18533
3625
18462
58828
18741
57319
57419
53356
15566
57213
22445
33235
59088
38868
46805
61791
48501
39489
56976
44416
45516
24143
57629
45600
40554
8100
3445
57566
42123
11189
27276
29863
52166
13482
1141
15643
46332
5327
4609
59307
16505
3027
11176
21513
44841
3604
39967
21010
12842
48006
5221
4273
39040
4253
39043
35326
2824
50530
27599
57547
41180
36502
48079
43468
17593
24567
11192
44562
33932
18000
39049
47291
47548
10660
8951
19933
43230
35909
61736
51241
36080
18579
8882
52324
10992
5561
5607
31107
22793
49410
39492
24725
36548
9912
49436
31833
62520
63596
12216
58490
47839
51106
44351
22342
46659
61739
61190
25971
29428
20372
45023
47494
55757
51117
65160
48860
37463
8780
32031
42619
17310
24413
25427
14562
56643
63838
22414
1902
46351
64201
17523
54406
24112
29140
55399
37717
12554
44988
18470
17715
60086
57505
44179
34670
9516
17726
6816
38738
39375
41313
39666
24296
47864
3777
59900
10946
43876
11370
26832
37634
36668
50413
42827
63268
40826
16933
14721
28736
61442
12735
10494
1882
380
25369
54924
14517
43960
49928
57103
47291
47702
40255
58859
7792
28272
47985
42409
37313
37497
28797
29739
7311
42068
51086
26419
29508
60158
11612
24725
22675
55985
12717
43773
32387
39784
47699
10652
32999
41797
52324
57847
18836
20428
7492
20520
37056
4004
61722
16171
58091
47459
32778
2203
31933
62689
40183
11752
46113
25022
43045
14478
36600
18902
52230
974
35631
63273
743
53420
42099
7342
44923
24887
61610
30459
30912
27185
4349
52890
16717
52899
30935
45268
13173
45023
43531
32456
1211
35354
60559
15367
25704
33411
23590
53256
30799
9158
65103
7872
57675
63828
47570
32441
56189
32033
48872
5266
7885
22211
9767
36579
28416
64118
11443
39051
43561
51850
39035
13480
17528
15013
1857
38127
50086
25102
31174
64348
1800
30041
35023
57663
9575
55402
51125
6647
58337
46120
50716
34093
21287
4010
31882
21950
57085
30533
15439
3484
2230
56601
13878
20029
